p(comedy) = -6.6438561897747235
p(action) = -4.7369655941662066
